	13849
	13094
	13079
һ	11681
	10980
	10568
	8500
	8160
	7932
	7717
	7597
ɽ	7140
	6682
	6550
	6550
ʱ	6481
	6362
	6293
ˮ	6290
	5932
	5921
	5827
	5753
	5681
	5574
	5508
	5496
	5391
ȥ	5156
	5050
	5010
	4820
	4760
	4732
	4676
˭	4660
	4641
	4516
	4451
ǧ	4414
	4340
	4311
	4278
	4278
	4263
	4224
	4213
	4176
ҹ	4172
	4151
	4089
	4059
	4047
	4017
	3994
	3988
	3955
	3945
	3916
	3868
	3822
С	3794
δ	3792
	3756
	3707
	3705
	3704
	3662
¥	3658
	3626
	3615
ͷ	3600
Ц	3556
	3523
Ϊ	3464
	3427
	3417
ǰ	3416
	3380
	3367
	3342
	3329
	3320
֪	3274
	3265
	3227
	3210
	3177
	3175
	3147
÷	3128
	3111
	3103
	3066
	3061
	3054
	3027
	2969
	2956
	2928
	2885
	2879
	2872
	2827
	2823
	2810
	2803
	2798
	2767
	2755
ѩ	2747
	2715
	2702
	2639
֦	2580
	2573
ƽ	2569
Ϫ	2565
	2556
	2506
	2495
	2474
˼	2466
	2464
	2460
	2442
	2389
ʮ	2383
Ӱ	2359
	2346
	2343
	2334
	2333
	2324
	2300
·	2297
	2295
˫	2274
	2253
	2249
	2241
ɫ	2237
	2234
Զ	2233
	2201
	2173
Ī	2173
	2166
	2157
Ӧ	2146
	2140
	2129
	2125
ֻ	2119
Ҳ	2116
	2109
	2108
	2093
	2082
	2078
	2073
	2054
	2050
	2049
	2044
	2035
	2034
	2028
	2024
	2016
	2008
	1990
	1968
ͬ	1963
	1934
	1920
	1915
	1915
	1913
¶	1912
	1912
	1889
	1885
	1878
	1877
	1865
	1861
	1847
	1846
	1843
̨	1842
Ҷ	1841
	1836
	1833
ȴ	1820
	1820
֮	1819
	1811
	1797
ɳ	1794
	1784
	1779
˪	1759
	1753
	1747
	1740
	1733
б	1719
	1711
Ȼ	1709
ͥ	1707
	1704
	1691
	1687
	1677
	1667
ĺ	1646
	1645
	1643
	1642
	1640
	1606
	1603
	1602
ʫ	1596
	1592
	1590
	1590
	1583
	1577
	1575
	1572
	1572
ü	1559
	1557
	1557
	1553
	1551
	1547
	1534
	1530
	1525
	1521
˵	1517
	1515
	1512
	1508
	1505
ױ	1497
	1493
	1480
	1473
ϸ	1473
	1468
	1466
	1464
	1463
	1455
	1454
	1452
	1451
	1450
	1449
	1442
	1440
	1440
԰	1439
	1433
	1428
	1414
	1398
΢	1397
Ѱ	1394
	1392
	1387
	1385
	1385
	1377
	1377
	1373
	1370
	1369
ݺ	1369
	1365
	1365
	1362
	1344
ͤ	1343
	1341
	1336
	1334
	1328
	1326
	1323
	1322
	1322
	1318
	1287
	1277
	1276
ľ	1276
	1273
	1250
	1245
ת	1240
	1239
	1238
	1235
	1229
	1224
	1213
ů	1209
ȡ	1204
	1200
	1199
	1194
˿	1191
	1187
	1186
	1185
	1184
	1180
	1176
	1171
	1170
	1170
	1169
ϲ	1168
	1165
	1157
	1153
	1151
	1143
	1139
	1138
	1137
	1133
	1130
	1129
ƾ	1127
	1124
	1123
	1123
	1122
	1121
	1116
	1109
	1108
	1107
ɢ	1098
	1091
ǳ	1088
	1086
	1085
Ժ	1081
	1081
ס	1079
	1078
	1073
Լ	1069
	1065
	1048
	1040
	1037
	1031
ʤ	1029
	1029
	1029
Ӣ	1025
	1023
	1020
	1019
	1017
	1016
	1012
	1012
	1007
	1003
	1001
Ԫ	997
	996
	988
	987
	982
	980
	979
	971
	967
	966
	966
	965
Ʈ	962
	958
	958
	955
	950
ϧ	944
	942
	940
	938
	937
	936
	934
	933
	928
	924
	920
	910
ϼ	910
	910
	907
	907
	903
	902
Ū	901
	897
Թ	895
Ũ	895
	892
	885
	884
	881
	881
Ҫ	880
	877
	869
	867
	865
	862
	861
	860
	855
	852
	851
	849
	846
	838
	837
ʯ	830
	828
˯	825
	825
	825
	818
	818
	817
	817
	816
	814
ӯ	812
	812
	811
	810
	806
Ϧ	803
	802
	800
	798
	792
	791
	791
Ƭ	791
̫	790
	788
̾	787
	787
Ů	785
	785
	783
	781
ӳ	778
	777
Ŀ	776
	776
	773
	770
	770
	769
	768
	765
	761
ָ	760
	758
	751
ҡ	750
	750
	750
	749
	748
ң	745
	745
	743
	743
	743
	741
	736
	736
	733
	732
	732
	731
	729
	727
	726
	725
Ļ	725
	725
	723
	723
	721
	719
Ը	718
	715
	714
	712
	710
	707
Ƶ	704
	704
	703
	695
ʹ	695
	694
Ұ	690
ʶ	687
	686
ū	686
	685
	685
	684
Я	681
	677
	676
	674
	673
ϴ	672
	670
	665
	663
	661
	660
	657
	652
	650
	650
	649
	646
	645
	645
л	643
	642
	641
	641
	640
	637
	634
	632
Ȱ	630
	630
	630
ԧ	628
Ϣ	627
	624
	622
	619
ƫ	618
	617
	616
ռ	613
	612
	611
	609
	604
	603
	603
	601
	601
	601
Ϸ	600
	597
	596
	596
Ω	595
	595
	592
	591
	589
	587
ֱ	586
	585
	583
	583
	582
	582
	582
	581
	580
	579
	578
	578
̤	577
	577
ף	576
	575
	575
	574
ʪ	572
	571
	570
	569
	568
ζ	568
	568
	567
	567
	565
Բ	563
	563
	560
	560
	560
	559
	559
	559
	559
	558
ӵ	557
	556
͸	555
©	555
	553
Ÿ	552
	552
	551
	547
	544
	544
	544
	540
	538
	538
	537
	535
է	534
	534
	534
	531
	527
	527
Ȫ	527
	527
Ⱥ	525
	522
	521
	521
	520
	520
	520
ӭ	517
	515
¯	514
׷	513
	512
	512
	512
ȵ	510
	510
	509
д	508
	506
	505
	505
	505
	505
	504
	503
á	502
	502
	502
	501
	500
	500
	499
	499
	499
	498
	497
	497
	497
	496
	496
	496
	495
	494
	493
	493
	492
	491
	491
	490
İ	490
	488
ѧ	488
	486
	486
	486
	483
	483
	483
	483
	483
	482
	480
	480
	480
	477
	476
	473
ɨ	473
	473
	472
	471
	471
	470
	470
	470
	469
Ⱦ	467
	466
	466
	466
	465
	462
	462
	461
	459
	459
ͨ	459
	459
	458
ǡ	458
	457
	457
	454
ǽ	451
	449
	449
Щ	448
ɴ	447
	446
	446
	446
	445
	444
	443
	442
	441
	440
	439
	439
	437
	437
	437
	436
	435
	434
	433
޹	431
	430
	429
	428
	427
	425
Ե	423
ͼ	422
	421
	421
	420
	419
	419
	417
	417
	415
	415
	414
	413
	412
	412
	410
	410
	409
ǲ	409
ܽ	408
	406
	406
	405
Σ	404
	404
ǿ	403
	402
	402
	399
ϵ	399
	397
	397
	396
	395
	394
	393
	392
	391
	390
	390
˥	390
ȫ	389
	389
	388
	388
	388
	387
	387
	387
ñ	387
	386
	386
ã	386
	385
	384
	384
	383
	382
	382
	382
ϡ	381
	381
	381
ѹ	378
	378
̸	378
	378
͵	375
	375
	375
	375
ϯ	374
	374
	374
	373
	373
Χ	371
	371
	370
	369
Է	369
	368
	368
	368
	368
	367
	366
ٻ	366
	365
	365
	364
	364
	363
	362
	362
	362
	361
	361
	359
	357
	356
	355
ҵ	355
	354
	353
	353
	353
	352
	352
	352
	352
	351
	350
	350
	348
	348
̬	348
	347
	347
	346
	346
	345
չ	345
	344
	343
	343
	342
	341
	340
	339
	338
ȹ	336
	336
	335
	335
	335
	334
	333
ʡ	333
	333
	333
	332
	332
ͩ	332
	332
	332
	331
	331
	330
ʳ	330
̦	330
	329
	329
	328
	328
Դ	328
	328
	327
ʿ	327
	326
	326
׹	325
	325
	325
	325
į	324
	323
	322
	322
	321
	321
	320
	320
	319
ѻ	319
	318
	317
	317
	317
	314
	313
	312
ɣ	311
	311
	310
	310
	310
	309
Խ	308
گ	308
	308
	308
	307
	307
ʢ	307
	306
	304
	304
	304
ҩ	304
	304
	304
	302
Į	302
	302
ʥ	301
	300
	299
	299
	298
	297
	296
	294
	294
	293
	293
	292
	291
	291
	291
	288
	287
Ǭ	287
͡	287
Ъ	286
	286
֬	284
פ	284
	283
	283
	283
	282
	282
	281
	281
	280
û	280
ͣ	280
	280
ĸ	280
	279
	278
	278
	277
	277
Ƚ	276
ţ	275
	275
	275
	275
	275
	274
	274
	273
	273
	273
	273
	273
	271
	271
Ǯ	271
	271
	270
	270
	269
	269
	269
	269
	268
	267
	267
	267
	267
׳	266
	266
	266
	265
	265
	265
Ѭ	264
	264
	263
	263
	262
֯	262
̴	261
	261
	261
	260
	260
é	259
	259
	259
	259
	258
	258
	258
	258
	258
	257
	257
	256
	256
ī	256
ǣ	255
׺	254
	254
	254
	254
	253
ɯ	253
	253
	253
	252
	250
Х	250
	250
յ	250
	250
	250
	249
ͯ	249
	249
ͭ	248
ֹ	248
	248
	247
	247
	247
	246
	246
ӽ	244
	244
	243
Ȥ	243
	242
	241
ʧ	241
	241
	241
	241
	240
Ӯ	240
	239
	238
	238
	238
	238
	237
	236
ʣ	236
մ	235
	235
	235
	235
	235
	234
	234
	234
	232
æ	231
	231
	231
	230
	230
	230
־	230
ӡ	230
Ƽ	229
	229
	229
	229
	229
ԭ	229
	228
	227
	227
	227
	227
֥	226
	226
	226
	226
	225
	225
	225
	225
	224
	224
	224
	223
	223
	223
	222
	222
	222
	222
	222
	222
	221
	221
	221
	221
β	219
	219
	219
	219
	218
	218
ɪ	217
	217
	217
	217
	216
	216
	216
	215
	215
	214
	214
	214
	214
	214
	213
	213
	213
	212
	211
	211
	210
	210
	210
	210
̽	210
	209
	209
	208
	208
ƻ	208
	207
	207
	207
	207
	207
ժ	207
	206
	206
	205
	205
	205
	204
	204
	204
	204
	204
Ʒ	204
ע	204
	203
׭	203
	203
	203
	202
	202
ż	202
	202
	201
	201
	201
̰	200
	200
	200
ʰ	199
	199
	199
ֽ	199
®	198
	198
	197
	197
	197
	196
	196
	195
	195
	195
	194
	194
	194
	194
	194
	193
	193
	193
ѫ	193
	193
ڤ	192
	192
	192
ƿ	191
	191
	191
	191
	190
	189
ش	189
	189
	189
	189
	188
Ǩ	188
Ԩ	188
	188
	188
	188
	188
	188
	187
	186
	186
	185
	185
ź	185
	184
	184
	184
	184
	183
	183
	183
	183
	183
	182
	182
	182
	182
	182
	181
	181
	181
	181
	180
	180
	180
Ǧ	179
	178
	178
	178
	178
	177
ɧ	177
	177
	177
	176
	176
	176
	176
	176
	176
	175
	175
Ͷ	175
	175
ʦ	175
	175
	175
	174
	174
	174
	174
	173
	173
	172
	172
Ϭ	172
	172
	172
	172
	171
	171
	171
	171
	170
	170
	170
	170
	170
Ѽ	170
	169
	169
«	169
	169
	169
ԡ	169
	169
	168
ȱ	168
	168
	168
	168
	167
ʼ	167
׼	167
	167
	167
	166
ĥ	166
	166
	166
	166
Գ	166
ޥ	166
	165
	165
	165
	165
	165
	165
	164
	164
Ƿ	164
	164
	164
	163
	163
ν	163
	163
	162
	162
	162
	162
	162
	161
ޱ	161
	161
Ө	160
	160
	160
	160
	160
	159
	159
	159
	159
	159
	159
	159
װ	158
	158
	158
	158
	158
ô	158
ĵ	158
	157
	157
ұ	157
¤	157
	157
	157
	156
	156
	156
	156
	155
	154
	154
ɺ	154
	154
	154
	153
ʷ	153
	153
	152
	152
	152
	151
	151
	151
	151
	151
	150
	150
	150
	150
	150
	150
	149
	149
	149
	149
	149
	149
	148
	148
	148
	148
	148
	148
	147
	147
	146
	146
	146
	146
ͧ	146
	146
Ħ	146
	145
	145
	145
	145
	145
ˬ	145
	145
	145
Ң	145
	145
	144
	144
ͽ	144
	143
Ի	143
	143
	143
	142
	142
	142
	142
	142
Ĩ	141
	141
	141
	141
ҷ	140
	140
	140
	140
	139
	139
ÿ	139
	139
	139
	139
	139
	138
	138
	138
	138
	138
	137
	137
	137
ʩ	137
	136
	136
	136
	136
	135
	135
	135
խ	135
	135
ï	135
	135
	135
	135
	135
Ǳ	135
	134
	134
˻	134
	134
	134
	134
	133
ɭ	133
	133
	133
	133
	133
	132
ʵ	132
	132
	132
	131
	131
q	131
	131
	130
	130
˹	130
ά	130
	130
ɱ	130
	130
	129
ٯ	129
	129
	129
	129
	129
	128
	128
Ψ	127
	127
	127
ӣ	127
	127
	127
	127
	127
	127
Ǽ	127
	126
	126
	126
ձ	126
֧	126
	126
	126
	125
ë	125
	125
	125
	125
	125
	125
	125
	125
	124
	124
	124
	124
ʹ	124
	124
	124
	123
	123
	123
	123
	122
	122
	122
	122
	121
	121
	121
	121
	121
	121
	121
	120
	120
	120
հ	120
	120
	120
	120
ɦ	120
	120
	120
	119
	119
	119
	119
	119
	119
	119
	119
ί	119
	119
	118
	118
	117
	117
	117
	117
Ͼ	117
	117
	117
	117
	116
	116
	116
	116
	116
	116
	116
	116
ƪ	115
	115
	115
	115
	115
	115
ѡ	114
Ѫ	114
Ь	114
	114
	114
	114
	114
	114
	114
	113
˾	113
	113
	113
	112
ӧ	112
ı	112
	112
	112
	112
	112
	111
	111
	111
	111
	111
	111
	111
	111
	111
	110
ӿ	110
	110
լ	110
	110
	110
	110
Ӫ	110
	110
	110
	110
	110
	110
	110
	109
	109
	109
μ	109
̶	109
	109
	109
	109
	108
	108
	108
	108
	108
½	108
Ͽ	108
	108
	108
	108
ݻ	108
	107
	107
	107
	107
	107
	107
	106
	106
	106
	106
	106
	106
	106
	105
	105
Ϳ	105
Ԧ	105
	104
ò	104
	104
	104
	104
ս	104
	104
	104
ө	103
	103
	103
Һ	102
	102
ѿ	102
	102
ҫ	102
	102
	102
	102
	102
	101
Ѷ	101
	101
	101
	101
	101
ֵ	101
	101
	101
	101
	101
	100
	100
	100
	100
	100
	100
	99
	99
	99
	99
	99
ѭ	99
	99
ի	99
	99
	99
	98
	98
	98
	98
	98
	98
	98
	97
	97
	97
	97
	97
	96
	96
	96
	96
	96
	96
	96
;	96
ز	96
	96
	96
	96
	96
	95
	95
	95
	95
	95
	95
ϣ	95
	95
	94
	94
	94
ޤ	94
	94
	94
κ	94
	94
	94
	94
	93
	93
	93
	93
	93
	93
	93
	93
	93
	93
	93
	93
	92
ĩ	92
ģ	92
к	92
	92
	91
	91
	91
	91
	90
	90
	90
	90
	90
	90
	90
	90
	89
	89
֣	89
	89
	89
	89
ݱ	88
	88
	88
	88
	88
Ѳ	88
	88
	88
	87
	87
¡	87
ޡ	87
֫	87
	87
Ѯ	87
	86
	86
˴	86
	86
	86
¹	86
»	86
ɰ	86
	86
	86
	86
	86
ĳ	85
	85
	85
	85
Ǿ	85
	85
	85
	85
	85
ׯ	85
	85
	85
	84
	84
޼	84
ŭ	84
	84
պ	84
Ӻ	84
	84
	84
	84
	84
	83
	83
	83
	83
	83
	83
	83
	83
	83
ɮ	83
	83
	83
ԫ	83
̲	83
	82
³	82
	82
	82
	82
	82
	82
	82
	82
	82
	81
	81
	81
Ծ	81
	81
	81
ƥ	81
	81
	81
	80
	80
	80
ƶ	80
	80
ȸ	80
V	80
	80
	80
	80
	80
	80
	80
	80
	80
	80
	80
	79
	79
	79
	79
	79
	79
¬	79
տ	79
	79
Ķ	79
Ԣ	79
	78
	78
	78
	78
	78
	77
	77
	77
	77
	77
	77
	77
	77
	77
	77
	77
	77
	77
	77
	76
	76
	76
	76
	76
	76
ϥ	75
	75
	75
	75
	75
	75
	75
	75
	75
	75
	75
ο	75
	75
	74
	74
	74
	74
	74
	74
	74
	74
	74
	74
	74
	73
Ҧ	73
м	73
Ư	73
	73
޺	73
	73
	73
	73
	73
	72
	72
	72
	72
	72
	72
	72
	72
	72
	72
	71
	71
	71
	71
	71
	71
	71
ũ	71
˽	71
	71
	71
ܰ	70
	70
²	70
	70
	70
	70
	70
	70
	70
	70
	70
	70
	70
	70
	70
	69
	69
	69
	69
	69
	69
	69
	69
	69
	69
	69
	69
ư	68
	68
Ч	68
	68
	68
	68
	68
	68
	68
	67
	67
	67
	67
	67
	67
أ	67
	67
	67
	67
	67
̥	67
ҥ	67
	66
	66
ж	66
	66
	66
	66
	66
	66
	66
	66
â	66
	66
	66
	65
	65
	65
	65
	65
̳	65
	65
	65
	65
	65
	65
	65
	64
	64
	64
	64
˷	64
	64
	63
	63
	63
̩	63
	63
ݶ	63
	63
	63
	63
	63
з	63
	62
	62
ɷ	62
	62
	62
	62
	62
϶	62
	62
	62
	62
	62
ܼ	62
	62
	62
	62
	62
	62
	61
	61
	61
	61
	61
	61
ͦ	61
	61
	61
	61
	61
	61
ͮ	61
	61
	61
	61
	60
	60
״	60
	60
	60
X	60
έ	60
	60
	60
	60
	60
	60
	59
	59
	59
	59
	59
	59
Ľ	59
ک	59
	59
	59
	59
	59
	59
	58
	58
	58
	58
	58
	58
	58
	58
	58
	58
ִ	58
ϰ	58
	57
	57
	57
	57
	57
	57
	57
	57
	57
	57
	57
	57
	57
	56
	56
	56
	56
	56
	56
	55
	55
	55
	55
	55
	55
׾	55
	55
	55
й	55
Ρ	55
	55
	55
	55
ֲ	54
	54
	54
	54
ٱ	54
	54
	54
	54
	54
	54
ý	54
λ	54
	54
	54
	54
Ѩ	53
	53
	53
	53
Ү	53
	53
˲	53
	53
	53
	53
	53
	53
	53
	53
	53
	53
г	53
	53
	53
	53
	53
У	52
	52
	52
ӫ	52
ǻ	52
	52
	52
Ȩ	52
	52
	52
	52
	52
ʸ	52
ͫ	52
	52
	52
Ԥ	52
	52
Ҵ	52
ΰ	52
	52
ܯ	51
	51
	51
	51
	51
	51
	51
	51
	51
	51
	51
	51
	51
	51
	51
	51
	51
	50
	50
	50
	50
	50
	50
	50
	50
	50
s	50
	50
	50
	50
	50
	49
	49
	49
ǩ	49
	49
	49
	49
	49
˧	49
Ͳ	49
	49
	49
	49
	49
	49
	49
	49
	49
	49
	49
	49
Т	48
	48
	48
	48
	48
	48
	48
	48
	48
Ȯ	48
	48
ר	47
͢	47
	47
	47
	47
	47
	47
	47
	47
	46
	46
N	46
	46
	46
	46
	46
	46
	46
	46
Ĭ	46
	46
ԩ	46
	46
	46
	46
η	46
	45
Ю	45
	45
߯	45
Ҿ	45
	45
	45
	45
	45
	45
	45
	45
˳	45
	45
	45
Ϯ	45
	45
	45
	45
	45
	45
	44
	44
	44
	44
	44
	44
	44
	44
	44
	44
	44
	44
	44
	44
P	44
	44
	44
Υ	44
e	44
	44
	44
	44
	44
	44
	44
	43
Ƴ	43
ҽ	43
	43
	43
	43
	43
	43
	43
	43
	43
	43
	42
	42
I	42
	42
	42
£	42
	42
	42
	42
	42
	42
	42
	42
Ӭ	42
	42
	42
	42
	42
	42
	42
	41
ѷ	41
	41
	41
	41
	41
	41
̧	41
	41
	41
	41
ƴ	41
	41
	41
	41
	41
	41
	41
	41
	41
	41
¿	41
	41
	41
	41
	40
ͻ	40
ç	40
	40
	40
	40
	40
	40
	40
	40
ڽ	40
	40
	40
	40
ӹ	40
	40
	40
	40
ھ	40
	40
	39
	39
	39
	39
	39
	39
	39
	39
	39
	39
	39
	39
	39
¼	39
	39
	39
	39
ة	39
	39
Τ	39
	39
ŷ	39
ѥ	39
	39
	39
	39
Э	39
	39
	39
	39
	38
ɬ	38
	38
ި	38
	38
Ӥ	38
	38
	38
	38
ְ	38
	38
	38
	38
	38
	38
	38
	38
	38
Կ	38
	38
	38
	38
	37
	37
	37
ڣ	37
	37
	37
	37
	37
	37
	37
	37
´	37
	37
	37
	37
@	37
	37
	37
	37
	37
	37
	37
	37
	37
	37
	37
	37
	37
	36
	36
	36
	36
	36
	36
	36
	36
	36
ּ	36
	36
	36
	36
	36
J	36
	36
	36
	36
	36
	36
	36
̯	36
	36
	36
	35
	35
Ƥ	35
	35
	35
	35
	35
_	35
	35
	35
	35
	35
	35
	35
	35
	35
	35
	35
	35
	35
ܿ	35
	35
	35
	35
	35
	35
	35
	35
	34
	34
	34
	34
	34
	34
	34
	34
	34
	34
ն	34
	34
	34
	34
	34
	34
	34
	34
	34
ծ	34
	34
	34
	34
	34
	34
	34
	34
	33
۫	33
	33
	33
Ԯ	33
	33
	33
ú	33
	33
	33
	33
	33
	33
	33
	33
٧	33
׿	33
	33
	33
	33
Ǣ	33
	33
	33
	33
	33
Ҹ	33
	32
	32
	32
	32
	32
	32
	32
	32
ƣ	32
	32
	32
	32
	32
ʾ	32
	32
r	32
	32
	32
	32
	32
	32
	32
	32
	32
	31
	31
	31
	31
	31
	31
	31
	31
	31
	31
	31
	31
	31
	31
	31
	31
	31
	31
	31
	31
	31
	31
	31
	31
	31
	31
	31
	31
ɡ	31
	30
	30
	30
	30
	30
	30
	30
	30
	30
	30
	30
	30
ؾ	30
	30
	30
	30
	30
	30
	30
	30
	30
	30
	30
	30
ޢ	30
	30
	30
	30
	30
ӥ	30
	29
	29
	29
	29
	29
	29
	29
	29
	29
	29
	29
	29
	29
	29
	29
	29
	29
	29
γ	29
	29
µ	29
	29
	29
ϻ	29
	29
	29
	29
	29
	29
	29
	29
	29
	29
	29
	29
	28
	28
Ѹ	28
	28
	28
	28
	28
	28
	28
ħ	28
	28
	28
	28
	28
	28
	28
	28
	28
	28
	28
	28
	28
ߪ	28
Z	28
	28
	28
	28
	28
Ƹ	28
	28
	28
	28
	28
	28
	27
	27
	27
ܦ	27
	27
	27
	27
	27
	27
	27
	27
	27
	27
`	27
	27
	27
	27
	27
	27
	27
ɥ	27
	27
	26
	26
ߵ	26
ٲ	26
֐	26
	26
	26
	26
ԯ	26
ѣ	26
	26
	26
	26
	26
	26
	26
	26
ξ	26
	26
	26
	26
	26
	26
	26
	26
ɸ	26
	26
	26
	26
	26
	26
	26
ݮ	26
	26
	26
	26
	26
	26
	25
	25
ع	25
	25
	25
	25
	25
	25
	25
	25
	25
	25
	25
	25
	25
ϭ	25
	25
	25
	25
	25
	25
	25
̷	25
ʨ	25
	25
̿	25
	25
	25
׽	25
G	24
	24
	24
	24
ö	24
	24
	24
	24
	24
	24
	24
	24
	24
	24
	24
	24
	24
	24
ש	24
	24
Ž	24
	24
	24
	24
	24
	24
	24
	24
	24
	24
	24
	24
	24
	24
	24
	24
ճ	24
	24
ð	24
Ƣ	24
ۡ	24
	23
	23
	23
	23
	23
	23
	23
	23
	23
v	23
	23
	23
	23
	23
Ϥ	23
	23
	23
	23
	23
	23
Ѻ	23
	23
	23
	23
	23
	23
	23
	23
	23
	23
	23
ٿ	23
	23
	22
	22
	22
	22
	22
î	22
	22
	22
	22
	22
ȭ	22
	22
Ŷ	22
	22
	22
٭	22
	22
	22
ߡ	22
	22
	22
	22
	22
	22

	22
	22
	22
	22
	22
	22
	22
	22
	22
	22
	22
	22
	22
ͺ	22
	22
	22
	21
	21
	21
	21
	21
	21
	21
	21
	21
	21
	21
	21
޵	21
	21
	21
	21
	21
	21
	21
	21
	21
	21
	21
	21
	21
	21
	21
	21
	21
I	21
	21
	21
	21
	21
ɾ	21
	21
	21
	21
	21
	21
	21
̹	21
	21
	21
	21
	21
	21
ʻ	21

	21
	21
	21
	20
	20
	20
	20
	20
	20
	20
׶	20
	20
	20
	20
	20
F	20
	20
	20
	20
	20
	20
	20
	20
	20
ȼ	20
	20
	20
	20
	20
	20
	20
	20
	20
	20
	20
	20
	20
	20
	20
	20
	20
	20
	20
	20
	20
	19
	19
	19
	19
	19
	19
	19
	19
	19
ٹ	19
	19
	19
	19
	19
	19
	19
	19
	19
	19
	19
	19
	19
	19
ʽ	19
ެ	19
	19
	19
ڷ	19
	19
	19
	19
	19
	19
	19
	19
	19
	19
	19
	19
	19
	19
T	19
	19
	19
	19
	19
֡	19
	19
	19
	19
	19
	18
	18
	18
	18
	18
	18
޾	18
	18
	18
	18
	18
	18
ߢ	18
ޫ	18
	18
̣	18
	18
	18
	18
	18
	18
	18
	18
	18
	18
	18
	18
	18
ɼ	18
	18
Ԭ	18
	18
	18
ġ	18
	18
	18
	18
	18
Ӿ	18
	18
	18
	18
	18
߳	18
	18
	18
	18
	18
	17
Ա	17
	17
	17
	17
	17
	17
	17
	17
	17
	17
ˡ	17
	17
ª	17
	17
	17
	17
ˣ	17
	17
	17
	17
	17
	17
	17
	17
	17
	17
	17
	17
	17
	17
	17
	17
	17
	17
	17
	17
	17
	17
	17
	17
	17
	17
۴	17
	17
	17
	17
	16
	16
ײ	16
	16
	16
	16
	16
	16
	16
	16
	16
	16
	16
F	16
ڵ	16
	16
	16
	16
	16
	16
	16
ӱ	16
Ѧ	16
	16
	16
	16
	16
ǹ	16
ĭ	16
	16
	16
	16
	16
	16
	16
Ϻ	16
	16
	16
	16
	16
	16
	16
	16
	16
š	16
	16
	16
	16
н	16
	16
	16
	16
	16
	16
	15
	15
	15
	15
	15
	15
	15
	15
	15
	15
	15
	15
	15
	15
	15
	15
	15
	15
ҭ	15
W	15
	15
	15
ϫ	15
޿	15
	15
	15
	15
ѯ	15
ǭ	15
	15
	15
	15
	15
	15
	15
	15
	15
	15
	15
	15
	15
	15
	15
	15
	15
	15
	14
	14
	14
	14
	14
	14
Ż	14
	14
	14
а	14
	14
	14
	14
	14
	14
	14
	14
	14
	14
	14
	14
	14
	14
	14
	14
	14
	14
˸	14
ܩ	14
	14
	14
	14
	14
	14
	14
	14
	14
	14
ݡ	14
	14
ε	14
	14
	14
	14
	14
	14
	14
	14
΅	14
	14
	14
	14
	14
љ	14
	13
	13
	13
	13
	13
	13
	13
	13
ԥ	13
	13
	13
	13
	13
	13
ٰ	13
ͳ	13
	13
	13
	13
	13
ܲ	13
׬	13
	13
	13
	13
	13
	13
	13
	13
	13
	13
	13
	13
	13
	13
	13
	13
	13
	13
	13
t	13
	13
	13
	13
	13
ܷ	13
	13
	13
	13
	13
	13
	13
	13
	13
	13
	13
	13
ɲ	13
	13
	13
	13
	13
ݥ	13
	13
	13
Ñ	13
	13
	13
	13
	13
	13
o	12
	12
	12
ŵ	12
	12
	12
	12
	12
	12
	12
	12
	12
	12
	12
	12
	12
	12
	12
Ƨ	12
	12
	12
	12
	12
	12
	12
	12
Ϲ	12
	12
	12
	12
	12
 	12
	12
	12
	12
	12
ݷ	12
	12
	12
	12
	12
	12
	12
	12
	12
	12
ؽ	12
Ȧ	12
	12
	12
ܱ	12
ۻ	12
	12
	12
	12
	12
	12
	12
	12
Ф	12
	12
	12
ԣ	12
	12
	12
	12
	12
	12
	12
	12
Ѥ	12
ٵ	12
	12
	12
	12
	12
	12
	12
	12
գ	11
	11
	11
	11
	11
	11
	11
	11
	11
o	11
	11
}	11
	11
֤	11
Ͻ	11
	11
	11
	11
ب	11
	11
	11
	11
	11
	11
Ĺ	11
	11
	11
	11
`	11
	11
	11
	11
	11
	11
	11
	11
	11
	11
	11
	11
ޭ	11
	11
	11
ơ	11
	11
ǵ	11
	11
	11
	11
	11
	11
ѵ	11
	11
	11
	11
	11
	11
u	11
	11
	11
	11
	11
	11
	11
	11
	11
շ	11
ʭ	11
ѱ	11
׫	11
	11
	11
	11
ַ	11
	11
	11
	11
	11
	11
	11
	11
	11
	11
	11
	11
	11
	10
	10
	10
	10
	10
	10
	10
Ӳ	10
	10
	10
	10
	10
	10
	10
	10
	10
	10
	10
	10
	10
	10
	10
	10
	10
	10
	10
	10
	10
	10
ߣ	10
ާ	10
	10
	10
	10
	10
	10
	10
	10
ǫ	10
	10
	10
	10
	10
	10
	10
ޯ	10
	10
	10
	10
	10
	10
	10
	10
	10
	10
	10
	10
	10
	10
	10
ݸ	10
	10
	10
	10
	10
٣	10
	10
	10
	10
	10
	10
	10
	10
	10
	10
	10
ص	10
	10
	10
	10
	10
	10
Ʋ	10
Ţ	9
	9
	9
	9
߶	9
	9
	9
	9
Ʃ	9
	9
	9
­	9
	9
	9
	9
	9
	9
	9
	9
	9
	9
	9
	9
	9
	9
߮	9
	9
	9
	9
	9
	9
	9
	9
	9
	9
	9
	9
	9
	9
	9
	9
	9
	9
	9
	9
G	9
	9
	9
	9
	9
	9
	9
	9
	9
	9
	9
	9
	9
١	9
O	9
	9
	9
`	9
	9
	9
	9
	9
	9
	9
	9
	9
	9
	9
	9
	9
	9
ȯ	9
	9
	9
	9
	9
	9
	9
	9
̡	9
	9
	9
¾	9
	9
	9
	9
	9
	9
	9
	9
	9
	9
	9
	9
	9
	9
	9
	9
	9
ջ	9
	9
	8
	8
	8
	8
	8
	8
	8
Q	8
	8
	8
	8
	8
	8
	8
n	8
	8
	8
	8
	8
ڡ	8
	8
	8
߿	8
	8
	8
	8
	8
إ	8
	8
	8
	8
	8
	8
N	8
	8
ү	8
׵	8
	8
	8
	8
	8
	8
	8
۶	8
	8
	8
	8
	8
	8
	8
	8
	8
	8
	8
	8
	8
	8
	8
	8
	8
	8
צ	8
	8
	8
	8
	8
	8
	8
	8
	8
	8
ٽ	8
b	8
	8
	8
	8
	8
	8
	8
	8
	8
ر	8
	8
ڥ	8
	8
	8
	8
	8
ֺ	8
	8
	8
	8
	8
	8
s	8
d	8
ˢ	8
	8
	8
ɹ	8
	8
ٳ	8
	8
	8
	7
	7
	7
	7
	7
	7
޽	7
	7
o	7
	7
	7
	7
	7
Ŧ	7
	7
	7
	7
	7
	7
	7
Ĳ	7
	7
̺	7
	7
	7
J	7
	7
	7
	7
	7
	7
	7
	7
	7
	7
	7
	7
	7
	7
	7
	7
	7
	7
	7
	7
	7
	7
	7
	7
	7
	7
	7
	7
	7
	7
	7
	7
L	7
ʲ	7
	7
	7
õ	7
	7
	7
	7
	7
	7
	7
	7
	7
˺	7
ʊ	7
	7
	7
	7
I	7
	7
	7
	7
س	7
	7
	7
ʬ	7
	7
	7
	7
	7
	7
	7
޲	7
ѽ	7
	7
	7
	7
	7
	7
	7
	7
	7
	7
ت	7
	7
	7
	7
	7
	7
	7
	7
	7
	7
	7
	7
	7
	7
U	7
	7
	7
ű	6
 	6
	6
	6
	6
	6
	6
ա	6
	6
	6
	6
	6
	6
	6
	6
	6
	6
	6
	6
	6
	6
	6
	6
Ŋ	6
º	6
	6
خ	6
	6
	6
	6
	6
	6
	6
x	6
	6
ʴ	6
	6
˰	6
	6
	6
	6
	6
	6
	6
	6
	6
α	6
	6
	6
	6
s	6
	6
	6
	6
	6
	6
	6
	6
Ű	6
ܤ	6
	6
	6
ś	6
ä	6
	6
ڶ	6
	6

	6
	6
	6
	6
x	6
	6
	6
	6
	6
ֶ	6
	6
ޣ	6
	6
	6
	6
	6
߬	6
	6
	6
	6
	6
	6
	6
	6
	6
	6
	6
D	6
	6
	6
޴	6
	6
˶	6
	6
	6
	6
	6
	6
ߥ	6
	6
ӕ	6
	6
	6
	6
	6
	6
\	6
	6
	6
	6
Ȣ	6
	6
	6
 	6
	6
	6
	6
	6
	6
	6
	6
	6
	6
	6
	6
	6
	6
	6
	6
	6
	6
	6
	6
	6
	6
	6
	6
	5
	5
в	5
	5
	5
	5
Ŭ	5
	5
	5
¦	5
	5

	5
	5
	5
	5
	5
	5
	5
	5
	5
	5
	5
	5
¸	5
	5
	5
	5
	5
Y	5
ݽ	5
	5
	5
Ͱ	5
	5
ڭ	5
޻	5
	5
	5
	5
	5
	5
	5
	5
	5
	5
	5
	5
Ѿ	5
	5
	5
	5
	5
	5
	5
	5
	5
	5
	5
	5
	5
	5
	5
	5
	5
	5
	5
Y	5
	5
	5
	5
	5
	5
	5
	5
Ĥ	5
	5
	5
	5
	5
	5
	5
	5
	5
	5
	5
	5
	5
	5
	5
	5
	5
ۼ	5
	5
	5
	5
	5
	5
	5
پ	5
	5
	5
	5
	5
Ѵ	5
	5
	5
ų	5
ء	5
	5
	5
	5
	5
	5
	5
	5
	5
	5
	5
~	5
	5
	5
	5
	5
	5
	5
	5
	5
	5
	5
۹	5
	5
	5
	5
ڪ	5
	5
٩	5
	5
	5
	5
	5
	5
	5
	5
	5
	5
u	5
	5
	5
	5
	5
	5
٤	5
	5
	5
	5
	5
	5
	5
	5
	5
	5
	5
	5
	5
ۣ	5
	5
	5
	5
	5
	5
ڹ	5
	5
	5
	5
	5
	5
	5
	5
	4
	4
	4
	4
	4
	4
[	4
	4
	4
	4
_	4
	4
	4
|	4
	4
	4
	4
	4
	4
	4
	4
	4
	4
	4
	4
	4
¢	4
ק	4
	4
	4
@	4
	4
P	4
ƺ	4
Y	4
	4
ȷ	4
	4
	4
	4
r	4
	4
	4
	4
	4
	4
	4
	4
	4
	4
	4
	4
	4
	4
	4
	4
	4
	4
Є	4
	4
	4
	4
	4
	4
	4
	4
	4
L	4
ո	4
	4
	4
	4
	4
	4
	4
	4
	4
	4
	4
	4
	4
܀	4
	4
	4
	4
	4
Φ	4
	4
	4
	4
	4
	4
	4
	4
	4
	4
	4
	4
	4
	4
	4
	4
	4
	4
	4
	4
ì	4
	4
	4
	4
	4
	4
	4
]	4
	4
	4
	4
	4
	4
	4
z	4
	4
	4
l	4
	4
	4
	4
	4
ڼ	4
߸	4
	4
	4
	4
	4
	4
	4
	4
թ	4
	4
x	4
	4
	4
	4
	4
	4
	4
	4
	4
	4
	4
	4
m	4
	4
	4
	4
	4
d	4
	4
	4
	4
X	4
ӻ	4
	4
	4
٥	4
	4
	4
۾	4
ذ	4
ղ	4
	4
ݦ	4
	4
	4
	4
	4
\	4
Ŵ	4
Ƕ	4
	4
	4
	4
	4
n	4
̭	4
	4
	4
	4
	4
	4
	4
	4
	4
	4
	4
ߴ	4
͹	4
	4
	4
	4
	4
	4
֭	4
	4
	4
դ	4
	4
	4
	4
	4
	4
	4
	4
	4
	4
	4
	4
	4
	4
	4
	4
I	4
	4
	4
	4
	4
	4
	4
	4
	4
	4
	4
ݣ	4
`	4
	4
	4
	4
	3
	3
	3
	3
ķ	3
	3
	3
	3
о	3
	3
	3
	3
X	3
	3
	3
	3
a	3
	3
	3
	3
	3
	3
	3
ȶ	3
)	3
׻	3
	3
	3
	3
	3
	3
	3
	3
ؤ	3
	3
	3
	3
	3
	3
	3
b	3
ɵ	3
	3
	3
	3
	3
	3
	3
	3
	3
	3
	3
	3
	3
	3
	3
	3
	3
	3
	3
	3
	3
ž	3
	3
	3
	3
ݹ	3
r	3
ܳ	3
	3
	3
Ȉ	3
J	3
	3
	3
ا	3
	3
	3
N	3
	3
	3
	3
g	3
	3
	3
	3
	3
e	3
	3
	3
	3
	3
	3
	3
ʉ	3
	3
	3
˱	3
	3
	3
	3
	3
	3
	3
	3
	3
	3
K	3
	3
	3
	3
	3
	3
	3
	3
	3
	3
	3
	3
è	3
I	3
	3
	3
	3
	3
и	3
K	3
	3
	3
	3
	3
п	3
	3
	3
	3
	3
	3
	3
W	3
	3
	3
	3
`	3
	3
	3
Ӷ	3
	3
	3
	3
D	3
	3
	3
ǥ	3
ۿ	3
	3
p	3
	3
	3
	3
θ	3
	3
ŧ	3
	3
	3
_	3
	3
	3
̻	3
	3
	3
	3
	3
	3
	3
	3
	3
	3
	3
	3
I	3
	3
	3
	3
	3
	3
	3
	3
	3
	3
	3
	3
ҧ	3
	3
	3
	3
	3
	3
	3
٢	3
ʈ	3
	3
	3
	3
	3
	3
	3
	3
	3
	3
	3
	3
[	3
	3
	3
Ӵ	3
	3
	3
	3
	3
	3
	3
	3
	3
	3
O	3
	3
	3
	3
	3
	3
ܣ	3
	3
	3
	3
	3
	3
	3
	3
	3
ݼ	3
	3
	3
ſ	3
ɩ	3
Ų	3
	3
	3
	3
	3
	3
	3
	3
ۺ	3
	3
ٷ	3
	3
	3
	3
	3
	3
	3
ط	3
	3
	3
	3
	3
	3
	3
ȣ	3
	3
	3
	3
	3
A	3
	3
	3
	3
ٴ	3
§	3
	3
	3
	3
	3
	3
	3
ƹ	3
	3
	2
	2
	2
	2
	2
	2
	2
	2
ܶ	2
	2
	2
	2
	2
ݪ	2
	2
	2
	2
	2
U	2
	2
	2
g	2
	2
	2
	2
	2
	2
n	2
Ğ	2
	2
	2
	2
	2
	2
	2
	2
P	2
	2
	2
r	2
c	2
	2
	2
	2
	2
	2
w	2
	2
	2
	2
	2
	2
	2
r	2
	2
Ǥ	2
	2
޶	2
	2
	2
	2
	2
	2
	2
	2
x	2
j	2
	2
	2
Ǵ	2
	2
P	2
	2
ڸ	2
	2
°	2
	2
	2
	2
	2
Œ	2
	2
m	2
	2
H	2
	2
	2
	2
Ӛ	2
	2
n	2
N	2
	2
ں	2
ߺ	2
	2
	2
	2
	2
	2
	2
H	2
ݭ	2
	2
	2
	2
	2
	2
	2
@	2
Ϩ	2
	2
F	2
	2
	2
ֳ	2
	2
	2
	2
Ҽ	2
ù	2
	2
	2
	2
	2
	2
	2
	2
	2
	2
	2
	2
	2
E	2
	2
Ʊ	2
	2
	2
	2
	2
	2
	2
	2
	2
	2
	2
	2
	2
	2
	2
	2
Ǫ	2
	2
	2
	2
	2
	2
	2
	2
	2
	2
	2
	2
Ǹ	2
	2
	2
y	2
	2
	2
h	2
	2
	2
	2
	2
	2
	2
ʅ	2
	2
	2
	2
	2
Ə	2
	2
	2
	2
	2
	2
	2
	2
	2
	2
	2
	2
	2
	2
	2
	2
	2
	2
	2
	2
	2
^	2
	2
	2
	2
	2
F	2
	2
	2
	2
	2
ɶ	2
	2
	2
	2
	2
	2
	2
	2
߻	2
	2
	2
	2
	2
	2
	2
	2
	2
ڻ	2
	2
	2
	2
	2
	2
	2
	2
	2
	2
	2
	2
	2
	2
޳	2
	2
	2
ݬ	2
	2
	2
	2
	2
	2
	2
ǅ	2
	2
x	2
	2
	2
ֿ	2
m	2
۸	2
	2
բ	2
	2
	2
	2
	2
	2
	2
	2
å	2
Ċ	2
	2
	2
	2
	2
	2
	2
	2
	2
	2
ګ	2
n	2
	2
	2
	2
Ҭ	2
	2
	2
	2
	2
ڿ	2
	2
	2
	2
	2
^	2
	2
	2
׸	2
	2
	2
	2
	2
	2
	2
׮	2
	2
	2
	2
	2
	2
ۯ	2
	2
	2
	2
	2
	2
	2
	2
ۭ	2
	2
	2
	2
	2
j	2
	2
̵	2
	2
ݿ	2
	2
	2
	2
	2
	2
	2
	2
	2
t	2
ݰ	2
	2
	2
\	2
	2
	2
	2
d	2
	2
ܺ	2
	2
	2
	2
	2
	2
	2
֩	2
D	2
	2
	2
	2
	2
կ	2
s	2
	2
	2
	2
	2
@	2
	2
	2
	2
Ҩ	2
	2
	2
s	2
ń	2
	2
	2
	2
	2
е	2
߱	2
ظ	2
	2
	2
ػ	2
m	2
	2
	2
	2
	2
	2
	2
	2
	2
	2
	2
	2
	2
	2
	1
	1
`	1
	1
D	1
	1
	1
h	1
	1
	1
	1
	1
	1
	1
	1
	1
	1
	1
	1
W	1
	1
	1
	1
߲	1
}	1
	1
	1
	1
	1
	1
	1
ߍ	1
	1
ݳ	1
	1
H	1
Ś	1
	1
	1
p	1
	1
	1
	1
ó	1
	1
	1
	1
	1
	1
	1
W	1
	1
	1
	1
	1
	1
	1
	1
	1
ƚ	1
	1
	1
	1
	1
޷	1
	1
	1
	1
~	1
ۦ	1
	1
	1
	1
	1
	1
ۨ	1
	1
	1
	1
	1
	1
o	1
r	1
	1
	1
	1
	1
	1
	1
	1
ٮ	1
	1
	1
z	1
ӷ	1
ܸ	1
	1
	1
	1
	1
	1
	1
	1
	1
	1
	1
c	1
\	1
ƃ	1
Ӕ	1
{	1
ް	1
	1
	1
	1
	1
	1
	1
	1
t	1
p	1
c	1
	1
	1
	1
	1
	1
	1
ݒ	1
	1
J	1
	1
	1
	1
ٺ	1
ѳ	1
ڴ	1
վ	1
ީ	1
	1
	1
	1
	1
	1
	1
	1
W	1
	1
	1
	1
	1
	1
{	1
I	1
}	1
	1
\	1
	1
	1
	1
>	1
	1
	1
N	1
	1
	1
S	1
±	1
	1
	1
	1
	1
	1
	1
ݴ	1
v	1
	1
	1
	1
	1
߾	1
Q	1
	1
^	1
	1
	1
	1
	1
h	1
	1
o	1
	1
	1
N	1
\	1
	1
J	1
	1
Ѝ	1
ڮ	1
	1
	1
{	1
z	1
	1
٪	1
k	1
	1

	1
	1
Л	1
M	1
	1
	1
	1
	1
	1
Y	1
	1
	1
	1
	1
	1
	1
	1
	1
	1
ē	1
	1
	1
ȿ	1
	1
	1
	1
c	1
W	1
	1
	1
	1
F	1
	1
`	1
	1
	1
	1
	1
H	1
~	1
	1
b	1
	1
\	1
	1
	1
	1
	1
	1
	1
	1
	1
ܵ	1
	1
Ǻ	1
	1
	1
U	1
ԕ	1
	1
	1
	1
	1
	1
ݛ	1
	1
	1
	1
	1
	1
	1
	1
	1
q	1
	1
	1
M	1
	1
	1
	1
^	1
	1
	1
	1
נ	1
	1
U	1
	1
	1
	1
m	1
Y	1
	1
q	1
	1
M	1
	1
	1
	1
	1
	1
Ւ	1
x	1
	1
	1
	1
	1
ߞ	1
V	1
Q	1
ۧ	1
	1
с	1
	1
	1
	1
Q	1
u	1
	1
О	1
[	1
	1
	1
	1
	1
	1
	1
	1
	1
	1
B	1
	1
	1
	1
	1
	1
	1
	1
ι	1
	1
	1
	1
	1
\	1
	1
	1
	1
	1
U	1
	1
	1
	1
	1
ލ	1
	1
i	1
	1
	1
	1
	1
	1
	1
}	1
q	1
̍	1
	1
	1
ٔ	1
ؼ	1
	1
	1
	1
	1
	1
ȧ	1
ߧ	1
	1
	1
	1
	1
	1
	1
	1
	1
۽	1
	1
	1
ަ	1
ݫ	1
	1
	1
	1
	1
	1
	1
	1
	1
	1
	1
Z	1
g	1
	1
	1
	1
߽	1
	1
B	1
	1
	1
	1
	1
	1
	1
	1
	1
	1
	1
	1
	1
	1
n	1
ܢ	1
	1
	1
u	1
	1
	1
	1
	1
	1
	1
p	1
	1
	1
	1
e	1
	1
	1
Ӹ	1
C	1
	1
S	1
Q	1
O	1
ڳ	1
ݵ	1
	1
	1
	1
	1
	1
ؿ	1
޸	1
߁	1
ބ	1
p	1
	1
	1
g	1
	1
K	1
	1
	1
ʍ	1
	1
	1
	1
	1
	1
	1
	1
	1
˕	1
	1
	1
z	1
	1
	1
	1
m	1
ҳ	1
	1
	1
	1
	1
	1
K	1
	1
ۗ	1
	1
	1
	1
	1
	1
	1
	1
	1
ϙ	1
	1
	1
۳	1
	1
	1
	1
	1
	1
	1
r	1
	1
ު	1
	1
	1
	1
	1
Ӽ	1
i	1
ߨ	1
	1
	1
	1
v	1
	1
	1
	1
̢	1
	1
Ы	1
	1
	1
	1
G	1
	1

	1
	1
	1
	1
	1
	1
	1
	1
d	1
	1
	1
	1
	1
	1
	1
܋	1
)	1
	1
	1
	1
	1
	1
	1
	1
	1
	1
	1
	1
ǯ	1
	1
	1

	1
f	1
	1
۰	1
	1
u	1
	1
	1
	1
	1
	1
ݐ	1
Е	1
	1
	1
	1
	1
	1
	1

	1
	1
	1
ۖ	1
	1
	1
	1
	1
	1
	1
	1
r	1
	1
	1
	1
	1
	1
	1
	1
	1
	1
	1
F	1
	1
	1
	1
W	1
	1
	1
	1
	1
՝	1
	1
	1
O	1
	1
	1
	1
	1
	1
	1
	1
	1
	1
	1
	1
	1
	1
	1
a	1
X	1
	1
	1
د	1
۵	1
	1
	1
ܡ	1
	1
	1
C	1
ή	1
	1
	1
~	1

	1
	1
֋	1
	1
	1
	1
	1
	1
۲	1
	1
	1
	1
_	1
ض	1
	1
	1
	1
	1
	1
q	1
	1
	1
	1
	1
	1
	1
	1

	1
	1
	1
	1
ߩ	1
J	1
	1
	1
	1
	1

	1
ƒ	1
	1
	1
	1
	1
	1
	1
	1
ٸ	1
	1
Y	1
	1
	1
	1
	1
	1
ڦ	1
	1
	1
	1
	1
	1
ܭ	1
	1
ڱ	1
	1
	1
	1
	1
	1
	1
	1
	1
ʺ	1
	1
	1
	1
	1
	1
	1
	1
	1
	1
	1
	1
ê	1
Ǐ	1
	1
	1
	1
	1
	1
	1
	1
	1
υ	1
	1
	1
	1
